10,72
10,270
10,154
10,133
10,195
10,2
10,3
11,15
9,7
9,6
9,4
9,2
9,3
8,10
8,11
8,7
8,17
2,1
2,3
30,3
30,2
30,1
30,0
25,3
25,2
25,1
25,0
20,3
20,2
20,1
19,3
19,2
19,1
18,3
18,1
14,3
14,1
13,3
13,1
12,3
12,2
12,1
11,30
11,29
11,26
11,25
11,24
11,23
11,21
11,20
11,19
11,18
11,17
11,16
11,14
11,13
11,12
11,11
11,9
11,8
11,7
11,6
11,5
11,4
11,3
11,2
11,1
10,316
10,307
10,306
10,302
10,288
10,286
10,282
10,280
10,265
10,258
10,252
10,236
10,235
10,233
10,232
10,231
10,229
10,228
10,219
10,217
10,216
10,212
10,210
10,203
